Used images: 61
Camera matrix : 

[[250.77948496   0.         319.47054829]
 [  0.         250.59048828 199.59759608]
 [  0.           0.           1.        ]]
dist : 

[[ 2.85131070e-04 -5.09885755e-04  4.23892455e-07 -3.94307962e-05
   2.13458176e-04]]
rvecs : 

[array([[-0.24314478],
       [ 0.00129258],
       [ 0.0120607 ]]), array([[-0.16479206],
       [ 0.17436256],
       [ 1.6206786 ]]), array([[-0.16477378],
       [ 0.17439818],
       [ 1.62061654]]), array([[-0.24329423],
       [ 0.00182074],
       [ 0.01209511]]), array([[-0.30509339],
       [ 0.10246009],
       [ 0.64292903]]), array([[-0.2431172 ],
       [ 0.00149759],
       [ 0.01209841]]), array([[-0.015785  ],
       [-0.01753701],
       [-1.69471439]]), array([[-0.01568713],
       [-0.01782287],
       [-1.69473989]]), array([[-0.24313612],
       [ 0.00135676],
       [ 0.0121856 ]]), array([[-0.08065909],
       [-0.0786177 ],
       [-1.54669044]]), array([[-1.75081829e-03],
       [ 5.58648147e-01],
       [ 3.08523831e+00]]), array([[-0.16441034],
       [ 0.17434269],
       [ 1.62069326]]), array([[-3.81577913e-05],
       [ 2.94090952e-04],
       [ 4.67672193e-01]]), array([[-0.08089608],
       [-0.07880745],
       [-1.5467401 ]]), array([[-0.00419715],
       [-0.00391838],
       [-1.57961823]]), array([[-0.0043365 ],
       [-0.00379363],
       [-1.57963793]]), array([[-0.14704624],
       [-0.57365061],
       [-2.5849688 ]]), array([[-1.17935411e-03],
       [ 5.58665772e-01],
       [ 3.08536697e+00]]), array([[-0.0041398 ],
       [-0.00384666],
       [-1.57953636]]), array([[-0.20921753],
       [ 0.00129162],
       [ 0.0121258 ]]), array([[-0.0042544 ],
       [-0.00410168],
       [-1.57961686]]), array([[-0.20912315],
       [ 0.00115396],
       [ 0.01213815]]), array([[-0.2090349 ],
       [ 0.0014941 ],
       [ 0.01200697]]), array([[-1.60698257e-03],
       [ 5.58719854e-01],
       [ 3.08532538e+00]]), array([[-0.00406386],
       [-0.00413696],
       [-1.57963738]]), array([[-0.00052179],
       [ 0.00040598],
       [ 0.02822756]]), array([[-0.00425588],
       [-0.00392811],
       [-1.57961052]]), array([[-0.20932967],
       [ 0.0014858 ],
       [ 0.01226693]]), array([[-0.20903976],
       [ 0.00105827],
       [ 0.01214797]]), array([[-0.20922867],
       [ 0.00139744],
       [ 0.01203432]]), array([[-0.00375273],
       [-0.00377469],
       [-1.57957799]]), array([[-0.20917621],
       [ 0.00151806],
       [ 0.01210921]]), array([[ 0.00024014],
       [-0.00060525],
       [ 0.02812331]]), array([[-0.00423688],
       [-0.00349629],
       [-1.57957852]]), array([[-0.00376693],
       [-0.00377109],
       [-1.57958671]]), array([[-0.0003883 ],
       [-0.00035622],
       [ 0.02803849]]), array([[-0.00379746],
       [-0.0040126 ],
       [-1.57960484]]), array([[ 0.00035276],
       [-0.00014806],
       [ 0.02802191]]), array([[ 0.00020881],
       [-0.0003267 ],
       [ 0.0278352 ]]), array([[-0.01581982],
       [-0.01780603],
       [-1.69472208]]), array([[-0.08074183],
       [-0.07890426],
       [-1.5466947 ]]), array([[-0.01584364],
       [-0.01762985],
       [-1.6946896 ]]), array([[-0.00079448],
       [ 0.00067625],
       [ 0.02538302]]), array([[-3.05648058e-05],
       [ 3.33539560e-04],
       [ 2.50623086e-02]]), array([[-5.20797955e-05],
       [-1.16204636e-04],
       [ 4.67652431e-01]]), array([[-0.01583932],
       [-0.01769618],
       [-1.69473481]]), array([[-0.08100065],
       [-0.07893115],
       [-1.546745  ]]), array([[-0.30519004],
       [ 0.10244662],
       [ 0.6429229 ]]), array([[-0.30519655],
       [ 0.10243138],
       [ 0.64291646]]), array([[-0.08058404],
       [-0.07877409],
       [-1.5467902 ]]), array([[-0.08099582],
       [-0.07908757],
       [-1.54673164]]), array([[-0.08069697],
       [-0.07884988],
       [-1.54666256]]), array([[-0.00077263],
       [ 0.00055165],
       [ 0.02513874]]), array([[-0.24313474],
       [ 0.00151798],
       [ 0.01204338]]), array([[-0.01568184],
       [-0.01762475],
       [-1.69473821]]), array([[-0.08112387],
       [-0.07880918],
       [-1.54658334]]), array([[-0.01600683],
       [-0.01782183],
       [-1.6947174 ]]), array([[ 2.02265327e-05],
       [-4.77668195e-04],
       [ 2.54199977e-02]]), array([[-0.08084425],
       [-0.07875336],
       [-1.54665451]]), array([[-0.01586877],
       [-0.01759596],
       [-1.6947197 ]]), array([[-0.08074402],
       [-0.07874956],
       [-1.54681574]])]
tvecs : 

[array([[-3.29927466],
       [-5.32585699],
       [ 8.51298954]]), array([[ 1.34456606],
       [-2.7337841 ],
       [ 7.73975843]]), array([[ 4.97177318],
       [-2.56278235],
       [ 7.70096078]]), array([[-5.91480062],
       [-5.34925917],
       [ 8.52025031]]), array([[-2.69158167],
       [-5.87460975],
       [ 9.26838608]]), array([[-0.91024045],
       [-5.29736151],
       [ 8.50527472]]), array([[-5.54009196],
       [ 2.34423629],
       [ 6.93390028]]), array([[-3.66785198],
       [ 2.23221796],
       [ 6.9346531 ]]), array([[-4.12671563],
       [-5.33020603],
       [ 8.51356992]]), array([[-2.97132542],
       [ 3.33372903],
       [ 6.67678772]]), array([[-1.35064677],
       [ 1.67156692],
       [ 6.82874141]]), array([[ 6.38951291],
       [-2.48390814],
       [ 7.68319256]]), array([[-1.44027586],
       [-4.39945386],
       [ 8.09708924]]), array([[-5.48309497],
       [ 0.8990922 ],
       [ 6.9260128 ]]), array([[0.56266771],
       [4.17500512],
       [8.07456513]]), array([[0.68592147],
       [4.93591629],
       [8.07219918]]), array([[5.20591569],
       [3.69784048],
       [7.20907597]]), array([[6.99135659],
       [1.62816104],
       [6.84293725]]), array([[0.68943561],
       [2.11788503],
       [8.08629881]]), array([[-5.08369178],
       [-4.71226497],
       [ 8.13648183]]), array([[0.48274379],
       [0.22172191],
       [8.09460047]]), array([[-1.63170019],
       [-4.67482042],
       [ 8.12787519]]), array([[ 0.50333244],
       [-4.65070372],
       [ 8.12363264]]), array([[4.68585903],
       [1.63935882],
       [6.83952038]]), array([[-3.96498377],
       [ 0.29754291],
       [ 8.09471243]]), array([[ 3.49538368],
       [-3.8919907 ],
       [ 8.09876535]]), array([[-3.94806217],
       [ 2.60235663],
       [ 8.08380489]]), array([[ 1.64980237],
       [-4.63831715],
       [ 8.12094891]]), array([[-1.18937879],
       [-4.66952474],
       [ 8.12603289]]), array([[-5.60920654],
       [-4.71322111],
       [ 8.13746923]]), array([[-3.93050364],
       [ 4.61408548],
       [ 8.07381639]]), array([[-3.62558279],
       [-4.69281468],
       [ 8.13288472]]), array([[-3.04468671],
       [-4.05919797],
       [ 8.09429215]]), array([[-8.79972468],
       [ 2.3467622 ],
       [ 8.08705197]]), array([[-8.81412925],
       [ 0.54124118],
       [ 8.09568372]]), array([[ 0.81674849],
       [-3.96081789],
       [ 8.09597061]]), array([[-8.7724465 ],
       [ 3.97210424],
       [ 8.07583305]]), array([[-6.80610838],
       [-4.15314338],
       [ 8.09472372]]), array([[-8.29251538],
       [-4.18995024],
       [ 8.09572097]]), array([[-6.84755764],
       [ 2.36406657],
       [ 6.93222157]]), array([[-5.5130489 ],
       [ 3.92973366],
       [ 6.61487737]]), array([[-5.80505423],
       [ 3.30370978],
       [ 6.91320336]]), array([[-1.06684073],
       [-3.9345322 ],
       [ 6.98524128]]), array([[-3.27657818],
       [-3.98257155],
       [ 6.98248814]]), array([[-4.02740036],
       [-4.39927358],
       [ 8.09690446]]), array([[-6.4665004 ],
       [ 3.30377647],
       [ 6.91330407]]), array([[-3.64717239],
       [ 0.93517309],
       [ 6.92093411]]), array([[ 0.25213767],
       [-5.87474865],
       [ 9.26849141]]), array([[-1.08522762],
       [-5.87464929],
       [ 9.26881055]]), array([[-2.65393213],
       [ 0.95546801],
       [ 6.9193386 ]]), array([[-3.25540754],
       [ 3.44461293],
       [ 6.66350947]]), array([[-7.06012721],
       [ 2.87561595],
       [ 6.72317215]]), array([[-4.79631851],
       [-4.01688361],
       [ 6.98464107]]), array([[ 0.6565344 ],
       [-5.28276213],
       [ 8.5021749 ]]), array([[-1.67927106],
       [ 3.30422138],
       [ 6.91284387]]), array([[-1.81037458],
       [ 0.97226106],
       [ 6.91775465]]), array([[-3.49450471],
       [ 3.30387135],
       [ 6.91247813]]), array([[-6.43422514],
       [-4.05818227],
       [ 6.97997907]]), array([[-1.1441619 ],
       [ 3.28766028],
       [ 6.6804944 ]]), array([[-0.95178983],
       [ 2.51306441],
       [ 6.92975915]]), array([[-1.67717875],
       [ 3.19938536],
       [ 6.68909366]])]
